# Парк машин заказчика (SD/SG/SE/BHL/DH серии). Проверка CPL.
# 37292556 (SD90-C5 / QST30) уже в каталоге.
1024E008268
1024H015347
37292556
37292733
37290615
37290487
37293376
37293549
37292731
37293377
37293410
37293592
41349704
41353297
41369708
41351859
41354422
4P25J004736
7524A001078
93058669
93065419
93087701
85201236
80201235
41343322
7524A001060
41349633
41356585
41348302
41353280
41384184
41383427
41370103
41365967
41364976
41365979
41370102
41365971
41367668
41367681
41365996
41365012
41365025
41366000
41348289
41348295
41348156
41348307
41351021
41353290
41349698
